img_00063.jpg 0.2316274642944336 0.14265969395637512 0.7979571223258972 0.859652042388916 
img_00018.jpg 0.20103394985198975 0.14847078919410706 0.7747523188591003 0.8566682934761047 
img_00029.jpg 0.154093936085701 0.12951253354549408 0.7982171177864075 0.8634881377220154 
img_00011.jpg 0.23863045871257782 0.14151997864246368 0.7939596176147461 0.8654255270957947 
img_00052.jpg 0.1764640063047409 0.13897426426410675 0.776192843914032 0.8550716638565063 
img_00060.jpg 0.23695826530456543 0.1407201737165451 0.8008142709732056 0.8626112341880798 
img_00024.jpg 0.1622859686613083 0.1246388703584671 0.8085842132568359 0.8577360510826111 
img_00064.jpg 0.23541748523712158 0.14548595249652863 0.7984282374382019 0.863520085811615 
img_00032.jpg 0.15729184448719025 0.1300252228975296 0.7994003891944885 0.8633715510368347 
img_00006.jpg 0.23708605766296387 0.1459965705871582 0.7932278513908386 0.864085853099823 
img_00022.jpg 0.16233015060424805 0.13243789970874786 0.8108921051025391 0.8633381724357605 
img_00039.jpg 0.15951386094093323 0.1285223811864853 0.7838420271873474 0.8622400164604187 
img_00010.jpg 0.236995130777359 0.14080916345119476 0.792116105556488 0.8657861948013306 
img_00025.jpg 0.16363906860351562 0.12283020466566086 0.7782614827156067 0.8558959364891052 
img_00058.jpg 0.22262899577617645 0.14205263555049896 0.8037348985671997 0.8624839186668396 
img_00057.jpg 0.21298372745513916 0.1491747349500656 0.7836003303527832 0.8661220669746399 
img_00044.jpg 0.16189749538898468 0.12709425389766693 0.7824075818061829 0.8540111780166626 
img_00001.jpg 0.23106132447719574 0.1473868191242218 0.7909918427467346 0.862764298915863 
img_00033.jpg 0.16399851441383362 0.12578335404396057 0.798111081123352 0.8680550456047058 
img_00027.jpg 0.16166765987873077 0.12438070774078369 0.8064014315605164 0.853044331073761 
img_00048.jpg 0.1654813140630722 0.12698887288570404 0.7896164059638977 0.853661060333252 
img_00059.jpg 0.23346655070781708 0.14232729375362396 0.8039883971214294 0.861519455909729 
img_00016.jpg 0.21443481743335724 0.14823579788208008 0.7643426060676575 0.8607084155082703 
img_00062.jpg 0.23964107036590576 0.14003229141235352 0.7952319383621216 0.8595715761184692 
img_00055.jpg 0.19536732137203217 0.14729523658752441 0.7776366472244263 0.863433837890625 
img_00037.jpg 0.16207340359687805 0.12586437165737152 0.7818604707717896 0.8573226928710938 
img_00061.jpg 0.24010662734508514 0.14194528758525848 0.7932394742965698 0.8594531416893005 
img_00023.jpg 0.15311987698078156 0.12423904240131378 0.7961803674697876 0.860362708568573 
img_00045.jpg 0.1590152531862259 0.12638966739177704 0.7853510975837708 0.8559598922729492 
img_00054.jpg 0.19332125782966614 0.14957530796527863 0.7789942622184753 0.8617331385612488 
img_00036.jpg 0.16020894050598145 0.13519346714019775 0.804879367351532 0.8638774156570435 
img_00049.jpg 0.1685805767774582 0.1311102658510208 0.7630345821380615 0.860505223274231 
img_00043.jpg 0.1663065403699875 0.12546610832214355 0.8066205978393555 0.8508588671684265 
img_00040.jpg 0.15969698131084442 0.12862710654735565 0.7851899266242981 0.8651251792907715 
img_00041.jpg 0.16397503018379211 0.13344164192676544 0.801677405834198 0.8661110997200012 
img_00042.jpg 0.1664624959230423 0.13297198712825775 0.7867332696914673 0.8557656407356262 
img_00050.jpg 0.16848134994506836 0.1305052489042282 0.7668961882591248 0.8599823117256165 
img_00003.jpg 0.2306107133626938 0.15039847791194916 0.7948599457740784 0.8656173944473267 
img_00002.jpg 0.237009197473526 0.15574140846729279 0.7820128798484802 0.8571788668632507 
img_00013.jpg 0.2239808589220047 0.1506274938583374 0.7723284363746643 0.8636380434036255 
img_00031.jpg 0.15714657306671143 0.13061808049678802 0.8056300282478333 0.8610476851463318 
img_00005.jpg 0.2359393835067749 0.14488159120082855 0.7931267619132996 0.8653856515884399 
img_00051.jpg 0.17668259143829346 0.1382375806570053 0.7697184681892395 0.8513960838317871 
img_00030.jpg 0.1542796939611435 0.1308344453573227 0.7953834533691406 0.8616823554039001 
img_00068.jpg 0.23830071091651917 0.14902625977993011 0.7940869331359863 0.8599815368652344 
img_00017.jpg 0.21123038232326508 0.14699812233448029 0.7624431848526001 0.8603993654251099 
img_00026.jpg 0.1593105047941208 0.12383975833654404 0.8029433488845825 0.8577184677124023 
img_00056.jpg 0.2089524120092392 0.14801767468452454 0.7866665124893188 0.8642824292182922 
img_00015.jpg 0.21442604064941406 0.15006378293037415 0.7741813659667969 0.86200350522995 
img_00019.jpg 0.19130568206310272 0.12830792367458344 0.8029365539550781 0.8453103303909302 
img_00035.jpg 0.15772812068462372 0.13057494163513184 0.8098070025444031 0.8613643646240234 
img_00028.jpg 0.16060753166675568 0.13970158994197845 0.8112190365791321 0.8593829274177551 
img_00038.jpg 0.16091275215148926 0.1276683807373047 0.7832831144332886 0.8629705309867859 
img_00021.jpg 0.1697397083044052 0.12223970890045166 0.7968303561210632 0.8602703213691711 
img_00066.jpg 0.23300914466381073 0.15184743702411652 0.792976975440979 0.8631691932678223 
img_00007.jpg 0.23885588347911835 0.14763088524341583 0.7892915606498718 0.8635159730911255 
img_00034.jpg 0.15771380066871643 0.13031013309955597 0.81048583984375 0.8617033958435059 
img_00014.jpg 0.2125546932220459 0.14572302997112274 0.7814614772796631 0.862892746925354 
img_00047.jpg 0.16002392768859863 0.1295669823884964 0.792988657951355 0.8516826033592224 
img_00046.jpg 0.16026850044727325 0.12763500213623047 0.790252149105072 0.8509891629219055 
img_00067.jpg 0.2321317046880722 0.14799092710018158 0.7945193648338318 0.8632596135139465 
img_00065.jpg 0.23613715171813965 0.14708712697029114 0.7964862585067749 0.8613225221633911 
img_00009.jpg 0.23818062245845795 0.14285026490688324 0.7888700366020203 0.8652448654174805 
img_00004.jpg 0.22827239334583282 0.15141133964061737 0.7954519987106323 0.8645727038383484 
img_00008.jpg 0.24147777259349823 0.1463450938463211 0.7879900932312012 0.8635115027427673 
img_00012.jpg 0.23931589722633362 0.14604847133159637 0.7924261093139648 0.8628094792366028 
img_00053.jpg 0.17742820084095 0.1468188315629959 0.793872594833374 0.8636228442192078 
img_00020.jpg 0.18904438614845276 0.1277012676000595 0.8023344874382019 0.8447545170783997 
img_00063.jpg 0.2316274642944336 0.14265969395637512 0.7979571223258972 0.859652042388916 
img_00018.jpg 0.20103394985198975 0.14847078919410706 0.7747523188591003 0.8566682934761047 
img_00029.jpg 0.154093936085701 0.12951253354549408 0.7982171177864075 0.8634881377220154 
img_00011.jpg 0.23863045871257782 0.14151997864246368 0.7939596176147461 0.8654255270957947 
img_00052.jpg 0.1764640063047409 0.13897426426410675 0.776192843914032 0.8550716638565063 
img_00060.jpg 0.23695826530456543 0.1407201737165451 0.8008142709732056 0.8626112341880798 
img_00024.jpg 0.1622859686613083 0.1246388703584671 0.8085842132568359 0.8577360510826111 
img_00064.jpg 0.23541748523712158 0.14548595249652863 0.7984282374382019 0.863520085811615 
img_00032.jpg 0.15729184448719025 0.1300252228975296 0.7994003891944885 0.8633715510368347 
img_00006.jpg 0.23708605766296387 0.1459965705871582 0.7932278513908386 0.864085853099823 
img_00022.jpg 0.16233015060424805 0.13243789970874786 0.8108921051025391 0.8633381724357605 
img_00039.jpg 0.15951386094093323 0.1285223811864853 0.7838420271873474 0.8622400164604187 
img_00010.jpg 0.236995130777359 0.14080916345119476 0.792116105556488 0.8657861948013306 
img_00025.jpg 0.16363906860351562 0.12283020466566086 0.7782614827156067 0.8558959364891052 
img_00058.jpg 0.22262899577617645 0.14205263555049896 0.8037348985671997 0.8624839186668396 
img_00057.jpg 0.21298372745513916 0.1491747349500656 0.7836003303527832 0.8661220669746399 
img_00044.jpg 0.16189749538898468 0.12709425389766693 0.7824075818061829 0.8540111780166626 
img_00001.jpg 0.23106132447719574 0.1473868191242218 0.7909918427467346 0.862764298915863 
img_00033.jpg 0.16399851441383362 0.12578335404396057 0.798111081123352 0.8680550456047058 
img_00027.jpg 0.16166765987873077 0.12438070774078369 0.8064014315605164 0.853044331073761 
img_00048.jpg 0.1654813140630722 0.12698887288570404 0.7896164059638977 0.853661060333252 
img_00059.jpg 0.23346655070781708 0.14232729375362396 0.8039883971214294 0.861519455909729 
img_00016.jpg 0.21443481743335724 0.14823579788208008 0.7643426060676575 0.8607084155082703 
img_00062.jpg 0.23964107036590576 0.14003229141235352 0.7952319383621216 0.8595715761184692 
img_00055.jpg 0.19536732137203217 0.14729523658752441 0.7776366472244263 0.863433837890625 
img_00037.jpg 0.16207340359687805 0.12586437165737152 0.7818604707717896 0.8573226928710938 
img_00061.jpg 0.24010662734508514 0.14194528758525848 0.7932394742965698 0.8594531416893005 
img_00023.jpg 0.15311987698078156 0.12423904240131378 0.7961803674697876 0.860362708568573 
img_00045.jpg 0.1590152531862259 0.12638966739177704 0.7853510975837708 0.8559598922729492 
img_00054.jpg 0.19332125782966614 0.14957530796527863 0.7789942622184753 0.8617331385612488 
img_00036.jpg 0.16020894050598145 0.13519346714019775 0.804879367351532 0.8638774156570435 
img_00049.jpg 0.1685805767774582 0.1311102658510208 0.7630345821380615 0.860505223274231 
img_00043.jpg 0.1663065403699875 0.12546610832214355 0.8066205978393555 0.8508588671684265 
img_00040.jpg 0.15969698131084442 0.12862710654735565 0.7851899266242981 0.8651251792907715 
img_00041.jpg 0.16397503018379211 0.13344164192676544 0.801677405834198 0.8661110997200012 
img_00042.jpg 0.1664624959230423 0.13297198712825775 0.7867332696914673 0.8557656407356262 
img_00050.jpg 0.16848134994506836 0.1305052489042282 0.7668961882591248 0.8599823117256165 
img_00003.jpg 0.2306107133626938 0.15039847791194916 0.7948599457740784 0.8656173944473267 
img_00002.jpg 0.237009197473526 0.15574140846729279 0.7820128798484802 0.8571788668632507 
img_00013.jpg 0.2239808589220047 0.1506274938583374 0.7723284363746643 0.8636380434036255 
img_00031.jpg 0.15714657306671143 0.13061808049678802 0.8056300282478333 0.8610476851463318 
img_00005.jpg 0.2359393835067749 0.14488159120082855 0.7931267619132996 0.8653856515884399 
img_00051.jpg 0.17668259143829346 0.1382375806570053 0.7697184681892395 0.8513960838317871 
img_00030.jpg 0.1542796939611435 0.1308344453573227 0.7953834533691406 0.8616823554039001 
img_00068.jpg 0.23830071091651917 0.14902625977993011 0.7940869331359863 0.8599815368652344 
img_00017.jpg 0.21123038232326508 0.14699812233448029 0.7624431848526001 0.8603993654251099 
img_00026.jpg 0.1593105047941208 0.12383975833654404 0.8029433488845825 0.8577184677124023 
img_00056.jpg 0.2089524120092392 0.14801767468452454 0.7866665124893188 0.8642824292182922 
img_00015.jpg 0.21442604064941406 0.15006378293037415 0.7741813659667969 0.86200350522995 
img_00019.jpg 0.19130568206310272 0.12830792367458344 0.8029365539550781 0.8453103303909302 
img_00035.jpg 0.15772812068462372 0.13057494163513184 0.8098070025444031 0.8613643646240234 
img_00028.jpg 0.16060753166675568 0.13970158994197845 0.8112190365791321 0.8593829274177551 
img_00038.jpg 0.16091275215148926 0.1276683807373047 0.7832831144332886 0.8629705309867859 
img_00021.jpg 0.1697397083044052 0.12223970890045166 0.7968303561210632 0.8602703213691711 
img_00066.jpg 0.23300914466381073 0.15184743702411652 0.792976975440979 0.8631691932678223 
img_00007.jpg 0.23885588347911835 0.14763088524341583 0.7892915606498718 0.8635159730911255 
img_00034.jpg 0.15771380066871643 0.13031013309955597 0.81048583984375 0.8617033958435059 
img_00014.jpg 0.2125546932220459 0.14572302997112274 0.7814614772796631 0.862892746925354 
img_00047.jpg 0.16002392768859863 0.1295669823884964 0.792988657951355 0.8516826033592224 
img_00046.jpg 0.16026850044727325 0.12763500213623047 0.790252149105072 0.8509891629219055 
img_00067.jpg 0.2321317046880722 0.14799092710018158 0.7945193648338318 0.8632596135139465 
img_00065.jpg 0.23613715171813965 0.14708712697029114 0.7964862585067749 0.8613225221633911 
img_00009.jpg 0.23818062245845795 0.14285026490688324 0.7888700366020203 0.8652448654174805 
img_00004.jpg 0.22827239334583282 0.15141133964061737 0.7954519987106323 0.8645727038383484 
img_00008.jpg 0.24147777259349823 0.1463450938463211 0.7879900932312012 0.8635115027427673 
img_00012.jpg 0.23931589722633362 0.14604847133159637 0.7924261093139648 0.8628094792366028 
img_00053.jpg 0.17742820084095 0.1468188315629959 0.793872594833374 0.8636228442192078 
img_00020.jpg 0.18904438614845276 0.1277012676000595 0.8023344874382019 0.8447545170783997 
img_00063.jpg 0.2316274642944336 0.14265969395637512 0.7979571223258972 0.859652042388916 
img_00018.jpg 0.20103394985198975 0.14847078919410706 0.7747523188591003 0.8566682934761047 
img_00029.jpg 0.154093936085701 0.12951253354549408 0.7982171177864075 0.8634881377220154 
img_00011.jpg 0.23863045871257782 0.14151997864246368 0.7939596176147461 0.8654255270957947 
img_00052.jpg 0.1764640063047409 0.13897426426410675 0.776192843914032 0.8550716638565063 
img_00060.jpg 0.23695826530456543 0.1407201737165451 0.8008142709732056 0.8626112341880798 
img_00024.jpg 0.1622859686613083 0.1246388703584671 0.8085842132568359 0.8577360510826111 
img_00064.jpg 0.23541748523712158 0.14548595249652863 0.7984282374382019 0.863520085811615 
img_00032.jpg 0.15729184448719025 0.1300252228975296 0.7994003891944885 0.8633715510368347 
img_00006.jpg 0.23708605766296387 0.1459965705871582 0.7932278513908386 0.864085853099823 
img_00022.jpg 0.16233015060424805 0.13243789970874786 0.8108921051025391 0.8633381724357605 
img_00039.jpg 0.15951386094093323 0.1285223811864853 0.7838420271873474 0.8622400164604187 
img_00010.jpg 0.236995130777359 0.14080916345119476 0.792116105556488 0.8657861948013306 
img_00025.jpg 0.16363906860351562 0.12283020466566086 0.7782614827156067 0.8558959364891052 
img_00058.jpg 0.22262899577617645 0.14205263555049896 0.8037348985671997 0.8624839186668396 
img_00057.jpg 0.21298372745513916 0.1491747349500656 0.7836003303527832 0.8661220669746399 
img_00044.jpg 0.16189749538898468 0.12709425389766693 0.7824075818061829 0.8540111780166626 
img_00001.jpg 0.23106132447719574 0.1473868191242218 0.7909918427467346 0.862764298915863 
img_00033.jpg 0.16399851441383362 0.12578335404396057 0.798111081123352 0.8680550456047058 
img_00027.jpg 0.16166765987873077 0.12438070774078369 0.8064014315605164 0.853044331073761 
img_00048.jpg 0.1654813140630722 0.12698887288570404 0.7896164059638977 0.853661060333252 
img_00059.jpg 0.23346655070781708 0.14232729375362396 0.8039883971214294 0.861519455909729 
img_00016.jpg 0.21443481743335724 0.14823579788208008 0.7643426060676575 0.8607084155082703 
img_00062.jpg 0.23964107036590576 0.14003229141235352 0.7952319383621216 0.8595715761184692 
img_00055.jpg 0.19536732137203217 0.14729523658752441 0.7776366472244263 0.863433837890625 
img_00037.jpg 0.16207340359687805 0.12586437165737152 0.7818604707717896 0.8573226928710938 
img_00061.jpg 0.24010662734508514 0.14194528758525848 0.7932394742965698 0.8594531416893005 
img_00023.jpg 0.15311987698078156 0.12423904240131378 0.7961803674697876 0.860362708568573 
img_00045.jpg 0.1590152531862259 0.12638966739177704 0.7853510975837708 0.8559598922729492 
img_00054.jpg 0.19332125782966614 0.14957530796527863 0.7789942622184753 0.8617331385612488 
img_00036.jpg 0.16020894050598145 0.13519346714019775 0.804879367351532 0.8638774156570435 
img_00049.jpg 0.1685805767774582 0.1311102658510208 0.7630345821380615 0.860505223274231 
img_00043.jpg 0.1663065403699875 0.12546610832214355 0.8066205978393555 0.8508588671684265 
img_00040.jpg 0.15969698131084442 0.12862710654735565 0.7851899266242981 0.8651251792907715 
img_00041.jpg 0.16397503018379211 0.13344164192676544 0.801677405834198 0.8661110997200012 
img_00042.jpg 0.1664624959230423 0.13297198712825775 0.7867332696914673 0.8557656407356262 
img_00050.jpg 0.16848134994506836 0.1305052489042282 0.7668961882591248 0.8599823117256165 
img_00003.jpg 0.2306107133626938 0.15039847791194916 0.7948599457740784 0.8656173944473267 
img_00002.jpg 0.237009197473526 0.15574140846729279 0.7820128798484802 0.8571788668632507 
img_00013.jpg 0.2239808589220047 0.1506274938583374 0.7723284363746643 0.8636380434036255 
img_00031.jpg 0.15714657306671143 0.13061808049678802 0.8056300282478333 0.8610476851463318 
img_00005.jpg 0.2359393835067749 0.14488159120082855 0.7931267619132996 0.8653856515884399 
img_00051.jpg 0.17668259143829346 0.1382375806570053 0.7697184681892395 0.8513960838317871 
img_00030.jpg 0.1542796939611435 0.1308344453573227 0.7953834533691406 0.8616823554039001 
img_00068.jpg 0.23830071091651917 0.14902625977993011 0.7940869331359863 0.8599815368652344 
img_00017.jpg 0.21123038232326508 0.14699812233448029 0.7624431848526001 0.8603993654251099 
img_00026.jpg 0.1593105047941208 0.12383975833654404 0.8029433488845825 0.8577184677124023 
img_00056.jpg 0.2089524120092392 0.14801767468452454 0.7866665124893188 0.8642824292182922 
img_00015.jpg 0.21442604064941406 0.15006378293037415 0.7741813659667969 0.86200350522995 
img_00019.jpg 0.19130568206310272 0.12830792367458344 0.8029365539550781 0.8453103303909302 
img_00035.jpg 0.15772812068462372 0.13057494163513184 0.8098070025444031 0.8613643646240234 
img_00028.jpg 0.16060753166675568 0.13970158994197845 0.8112190365791321 0.8593829274177551 
img_00038.jpg 0.16091275215148926 0.1276683807373047 0.7832831144332886 0.8629705309867859 
img_00021.jpg 0.1697397083044052 0.12223970890045166 0.7968303561210632 0.8602703213691711 
img_00066.jpg 0.23300914466381073 0.15184743702411652 0.792976975440979 0.8631691932678223 
img_00007.jpg 0.23885588347911835 0.14763088524341583 0.7892915606498718 0.8635159730911255 
img_00034.jpg 0.15771380066871643 0.13031013309955597 0.81048583984375 0.8617033958435059 
img_00014.jpg 0.2125546932220459 0.14572302997112274 0.7814614772796631 0.862892746925354 
img_00047.jpg 0.16002392768859863 0.1295669823884964 0.792988657951355 0.8516826033592224 
img_00046.jpg 0.16026850044727325 0.12763500213623047 0.790252149105072 0.8509891629219055 
img_00067.jpg 0.2321317046880722 0.14799092710018158 0.7945193648338318 0.8632596135139465 
img_00065.jpg 0.23613715171813965 0.14708712697029114 0.7964862585067749 0.8613225221633911 
img_00009.jpg 0.23818062245845795 0.14285026490688324 0.7888700366020203 0.8652448654174805 
img_00004.jpg 0.22827239334583282 0.15141133964061737 0.7954519987106323 0.8645727038383484 
img_00008.jpg 0.24147777259349823 0.1463450938463211 0.7879900932312012 0.8635115027427673 
img_00012.jpg 0.23931589722633362 0.14604847133159637 0.7924261093139648 0.8628094792366028 
img_00053.jpg 0.17742820084095 0.1468188315629959 0.793872594833374 0.8636228442192078 
img_00020.jpg 0.18904438614845276 0.1277012676000595 0.8023344874382019 0.8447545170783997 
img_00063.jpg 0.2316274642944336 0.14265969395637512 0.7979571223258972 0.859652042388916 
img_00018.jpg 0.20103394985198975 0.14847078919410706 0.7747523188591003 0.8566682934761047 
img_00029.jpg 0.154093936085701 0.12951253354549408 0.7982171177864075 0.8634881377220154 
img_00011.jpg 0.23863045871257782 0.14151997864246368 0.7939596176147461 0.8654255270957947 
img_00052.jpg 0.1764640063047409 0.13897426426410675 0.776192843914032 0.8550716638565063 
img_00060.jpg 0.23695826530456543 0.1407201737165451 0.8008142709732056 0.8626112341880798 
img_00024.jpg 0.1622859686613083 0.1246388703584671 0.8085842132568359 0.8577360510826111 
img_00064.jpg 0.23541748523712158 0.14548595249652863 0.7984282374382019 0.863520085811615 
img_00032.jpg 0.15729184448719025 0.1300252228975296 0.7994003891944885 0.8633715510368347 
img_00006.jpg 0.23708605766296387 0.1459965705871582 0.7932278513908386 0.864085853099823 
img_00022.jpg 0.16233015060424805 0.13243789970874786 0.8108921051025391 0.8633381724357605 
img_00039.jpg 0.15951386094093323 0.1285223811864853 0.7838420271873474 0.8622400164604187 
img_00010.jpg 0.236995130777359 0.14080916345119476 0.792116105556488 0.8657861948013306 
img_00025.jpg 0.16363906860351562 0.12283020466566086 0.7782614827156067 0.8558959364891052 
img_00058.jpg 0.22262899577617645 0.14205263555049896 0.8037348985671997 0.8624839186668396 
img_00057.jpg 0.21298372745513916 0.1491747349500656 0.7836003303527832 0.8661220669746399 
img_00044.jpg 0.16189749538898468 0.12709425389766693 0.7824075818061829 0.8540111780166626 
img_00001.jpg 0.23106132447719574 0.1473868191242218 0.7909918427467346 0.862764298915863 
img_00033.jpg 0.16399851441383362 0.12578335404396057 0.798111081123352 0.8680550456047058 
img_00027.jpg 0.16166765987873077 0.12438070774078369 0.8064014315605164 0.853044331073761 
img_00048.jpg 0.1654813140630722 0.12698887288570404 0.7896164059638977 0.853661060333252 
img_00059.jpg 0.23346655070781708 0.14232729375362396 0.8039883971214294 0.861519455909729 
img_00016.jpg 0.21443481743335724 0.14823579788208008 0.7643426060676575 0.8607084155082703 
img_00062.jpg 0.23964107036590576 0.14003229141235352 0.7952319383621216 0.8595715761184692 
img_00055.jpg 0.19536732137203217 0.14729523658752441 0.7776366472244263 0.863433837890625 
img_00037.jpg 0.16207340359687805 0.12586437165737152 0.7818604707717896 0.8573226928710938 
img_00061.jpg 0.24010662734508514 0.14194528758525848 0.7932394742965698 0.8594531416893005 
img_00023.jpg 0.15311987698078156 0.12423904240131378 0.7961803674697876 0.860362708568573 
img_00045.jpg 0.1590152531862259 0.12638966739177704 0.7853510975837708 0.8559598922729492 
img_00054.jpg 0.19332125782966614 0.14957530796527863 0.7789942622184753 0.8617331385612488 
img_00036.jpg 0.16020894050598145 0.13519346714019775 0.804879367351532 0.8638774156570435 
img_00049.jpg 0.1685805767774582 0.1311102658510208 0.7630345821380615 0.860505223274231 
img_00043.jpg 0.1663065403699875 0.12546610832214355 0.8066205978393555 0.8508588671684265 
img_00040.jpg 0.15969698131084442 0.12862710654735565 0.7851899266242981 0.8651251792907715 
img_00041.jpg 0.16397503018379211 0.13344164192676544 0.801677405834198 0.8661110997200012 
img_00042.jpg 0.1664624959230423 0.13297198712825775 0.7867332696914673 0.8557656407356262 
img_00050.jpg 0.16848134994506836 0.1305052489042282 0.7668961882591248 0.8599823117256165 
img_00003.jpg 0.2306107133626938 0.15039847791194916 0.7948599457740784 0.8656173944473267 
img_00002.jpg 0.237009197473526 0.15574140846729279 0.7820128798484802 0.8571788668632507 
img_00013.jpg 0.2239808589220047 0.1506274938583374 0.7723284363746643 0.8636380434036255 
img_00031.jpg 0.15714657306671143 0.13061808049678802 0.8056300282478333 0.8610476851463318 
img_00005.jpg 0.2359393835067749 0.14488159120082855 0.7931267619132996 0.8653856515884399 
img_00051.jpg 0.17668259143829346 0.1382375806570053 0.7697184681892395 0.8513960838317871 
img_00030.jpg 0.1542796939611435 0.1308344453573227 0.7953834533691406 0.8616823554039001 
img_00068.jpg 0.23830071091651917 0.14902625977993011 0.7940869331359863 0.8599815368652344 
img_00017.jpg 0.21123038232326508 0.14699812233448029 0.7624431848526001 0.8603993654251099 
img_00026.jpg 0.1593105047941208 0.12383975833654404 0.8029433488845825 0.8577184677124023 
img_00056.jpg 0.2089524120092392 0.14801767468452454 0.7866665124893188 0.8642824292182922 
img_00015.jpg 0.21442604064941406 0.15006378293037415 0.7741813659667969 0.86200350522995 
img_00019.jpg 0.19130568206310272 0.12830792367458344 0.8029365539550781 0.8453103303909302 
img_00035.jpg 0.15772812068462372 0.13057494163513184 0.8098070025444031 0.8613643646240234 
img_00028.jpg 0.16060753166675568 0.13970158994197845 0.8112190365791321 0.8593829274177551 
img_00038.jpg 0.16091275215148926 0.1276683807373047 0.7832831144332886 0.8629705309867859 
img_00021.jpg 0.1697397083044052 0.12223970890045166 0.7968303561210632 0.8602703213691711 
img_00066.jpg 0.23300914466381073 0.15184743702411652 0.792976975440979 0.8631691932678223 
img_00007.jpg 0.23885588347911835 0.14763088524341583 0.7892915606498718 0.8635159730911255 
img_00034.jpg 0.15771380066871643 0.13031013309955597 0.81048583984375 0.8617033958435059 
img_00014.jpg 0.2125546932220459 0.14572302997112274 0.7814614772796631 0.862892746925354 
img_00047.jpg 0.16002392768859863 0.1295669823884964 0.792988657951355 0.8516826033592224 
img_00046.jpg 0.16026850044727325 0.12763500213623047 0.790252149105072 0.8509891629219055 
img_00067.jpg 0.2321317046880722 0.14799092710018158 0.7945193648338318 0.8632596135139465 
img_00065.jpg 0.23613715171813965 0.14708712697029114 0.7964862585067749 0.8613225221633911 
img_00009.jpg 0.23818062245845795 0.14285026490688324 0.7888700366020203 0.8652448654174805 
img_00004.jpg 0.22827239334583282 0.15141133964061737 0.7954519987106323 0.8645727038383484 
img_00008.jpg 0.24147777259349823 0.1463450938463211 0.7879900932312012 0.8635115027427673 
img_00012.jpg 0.23931589722633362 0.14604847133159637 0.7924261093139648 0.8628094792366028 
img_00053.jpg 0.17742820084095 0.1468188315629959 0.793872594833374 0.8636228442192078 
img_00020.jpg 0.18904438614845276 0.1277012676000595 0.8023344874382019 0.8447545170783997 
img_00063.jpg 0.2316274642944336 0.14265969395637512 0.7979571223258972 0.859652042388916 
img_00018.jpg 0.20103394985198975 0.14847078919410706 0.7747523188591003 0.8566682934761047 
img_00029.jpg 0.154093936085701 0.12951253354549408 0.7982171177864075 0.8634881377220154 
img_00011.jpg 0.23863045871257782 0.14151997864246368 0.7939596176147461 0.8654255270957947 
img_00052.jpg 0.1764640063047409 0.13897426426410675 0.776192843914032 0.8550716638565063 
img_00060.jpg 0.23695826530456543 0.1407201737165451 0.8008142709732056 0.8626112341880798 
img_00024.jpg 0.1622859686613083 0.1246388703584671 0.8085842132568359 0.8577360510826111 
img_00064.jpg 0.23541748523712158 0.14548595249652863 0.7984282374382019 0.863520085811615 
img_00032.jpg 0.15729184448719025 0.1300252228975296 0.7994003891944885 0.8633715510368347 
img_00006.jpg 0.23708605766296387 0.1459965705871582 0.7932278513908386 0.864085853099823 
img_00022.jpg 0.16233015060424805 0.13243789970874786 0.8108921051025391 0.8633381724357605 
img_00039.jpg 0.15951386094093323 0.1285223811864853 0.7838420271873474 0.8622400164604187 
img_00010.jpg 0.236995130777359 0.14080916345119476 0.792116105556488 0.8657861948013306 
img_00025.jpg 0.16363906860351562 0.12283020466566086 0.7782614827156067 0.8558959364891052 
img_00058.jpg 0.22262899577617645 0.14205263555049896 0.8037348985671997 0.8624839186668396 
img_00057.jpg 0.21298372745513916 0.1491747349500656 0.7836003303527832 0.8661220669746399 
img_00044.jpg 0.16189749538898468 0.12709425389766693 0.7824075818061829 0.8540111780166626 
img_00001.jpg 0.23106132447719574 0.1473868191242218 0.7909918427467346 0.862764298915863 
img_00033.jpg 0.16399851441383362 0.12578335404396057 0.798111081123352 0.8680550456047058 
img_00027.jpg 0.16166765987873077 0.12438070774078369 0.8064014315605164 0.853044331073761 
img_00048.jpg 0.1654813140630722 0.12698887288570404 0.7896164059638977 0.853661060333252 
img_00059.jpg 0.23346655070781708 0.14232729375362396 0.8039883971214294 0.861519455909729 
img_00016.jpg 0.21443481743335724 0.14823579788208008 0.7643426060676575 0.8607084155082703 
img_00062.jpg 0.23964107036590576 0.14003229141235352 0.7952319383621216 0.8595715761184692 
img_00055.jpg 0.19536732137203217 0.14729523658752441 0.7776366472244263 0.863433837890625 
img_00037.jpg 0.16207340359687805 0.12586437165737152 0.7818604707717896 0.8573226928710938 
img_00061.jpg 0.24010662734508514 0.14194528758525848 0.7932394742965698 0.8594531416893005 
img_00023.jpg 0.15311987698078156 0.12423904240131378 0.7961803674697876 0.860362708568573 
img_00045.jpg 0.1590152531862259 0.12638966739177704 0.7853510975837708 0.8559598922729492 
img_00054.jpg 0.19332125782966614 0.14957530796527863 0.7789942622184753 0.8617331385612488 
img_00036.jpg 0.16020894050598145 0.13519346714019775 0.804879367351532 0.8638774156570435 
img_00049.jpg 0.1685805767774582 0.1311102658510208 0.7630345821380615 0.860505223274231 
img_00043.jpg 0.1663065403699875 0.12546610832214355 0.8066205978393555 0.8508588671684265 
img_00040.jpg 0.15969698131084442 0.12862710654735565 0.7851899266242981 0.8651251792907715 
img_00041.jpg 0.16397503018379211 0.13344164192676544 0.801677405834198 0.8661110997200012 
img_00042.jpg 0.1664624959230423 0.13297198712825775 0.7867332696914673 0.8557656407356262 
img_00050.jpg 0.16848134994506836 0.1305052489042282 0.7668961882591248 0.8599823117256165 
img_00003.jpg 0.2306107133626938 0.15039847791194916 0.7948599457740784 0.8656173944473267 
img_00002.jpg 0.237009197473526 0.15574140846729279 0.7820128798484802 0.8571788668632507 
img_00013.jpg 0.2239808589220047 0.1506274938583374 0.7723284363746643 0.8636380434036255 
img_00031.jpg 0.15714657306671143 0.13061808049678802 0.8056300282478333 0.8610476851463318 
img_00005.jpg 0.2359393835067749 0.14488159120082855 0.7931267619132996 0.8653856515884399 
img_00051.jpg 0.17668259143829346 0.1382375806570053 0.7697184681892395 0.8513960838317871 
img_00030.jpg 0.1542796939611435 0.1308344453573227 0.7953834533691406 0.8616823554039001 
img_00068.jpg 0.23830071091651917 0.14902625977993011 0.7940869331359863 0.8599815368652344 
img_00017.jpg 0.21123038232326508 0.14699812233448029 0.7624431848526001 0.8603993654251099 
img_00026.jpg 0.1593105047941208 0.12383975833654404 0.8029433488845825 0.8577184677124023 
img_00056.jpg 0.2089524120092392 0.14801767468452454 0.7866665124893188 0.8642824292182922 
img_00015.jpg 0.21442604064941406 0.15006378293037415 0.7741813659667969 0.86200350522995 
img_00019.jpg 0.19130568206310272 0.12830792367458344 0.8029365539550781 0.8453103303909302 
img_00035.jpg 0.15772812068462372 0.13057494163513184 0.8098070025444031 0.8613643646240234 
img_00028.jpg 0.16060753166675568 0.13970158994197845 0.8112190365791321 0.8593829274177551 
img_00038.jpg 0.16091275215148926 0.1276683807373047 0.7832831144332886 0.8629705309867859 
img_00021.jpg 0.1697397083044052 0.12223970890045166 0.7968303561210632 0.8602703213691711 
img_00066.jpg 0.23300914466381073 0.15184743702411652 0.792976975440979 0.8631691932678223 
img_00007.jpg 0.23885588347911835 0.14763088524341583 0.7892915606498718 0.8635159730911255 
img_00034.jpg 0.15771380066871643 0.13031013309955597 0.81048583984375 0.8617033958435059 
img_00014.jpg 0.2125546932220459 0.14572302997112274 0.7814614772796631 0.862892746925354 
img_00047.jpg 0.16002392768859863 0.1295669823884964 0.792988657951355 0.8516826033592224 
img_00046.jpg 0.16026850044727325 0.12763500213623047 0.790252149105072 0.8509891629219055 
img_00067.jpg 0.2321317046880722 0.14799092710018158 0.7945193648338318 0.8632596135139465 
img_00065.jpg 0.23613715171813965 0.14708712697029114 0.7964862585067749 0.8613225221633911 
img_00009.jpg 0.23818062245845795 0.14285026490688324 0.7888700366020203 0.8652448654174805 
img_00004.jpg 0.22827239334583282 0.15141133964061737 0.7954519987106323 0.8645727038383484 
img_00008.jpg 0.24147777259349823 0.1463450938463211 0.7879900932312012 0.8635115027427673 
img_00012.jpg 0.23931589722633362 0.14604847133159637 0.7924261093139648 0.8628094792366028 
img_00053.jpg 0.17742820084095 0.1468188315629959 0.793872594833374 0.8636228442192078 
img_00020.jpg 0.18904438614845276 0.1277012676000595 0.8023344874382019 0.8447545170783997 
