img_00001.jpg 0.1609375 0.065625 0.228125 0.1484375 
img_00002.jpg 0.1625 0.065625 0.228125 0.1484375 
img_00003.jpg 0.1625 0.065625 0.2265625 0.15 
img_00004.jpg 0.1625 0.065625 0.2265625 0.1484375 
img_00005.jpg 0.1609375 0.065625 0.2265625 0.15 
img_00006.jpg 0.1609375 0.065625 0.2265625 0.15 
img_00007.jpg 0.1609375 0.065625 0.2265625 0.15 
img_00008.jpg 0.1609375 0.065625 0.2265625 0.15 
img_00009.jpg 0.1609375 0.065625 0.2265625 0.15 
img_00010.jpg 0.1609375 0.065625 0.2265625 0.15 
img_00011.jpg 0.1609375 0.065625 0.2265625 0.15 
img_00012.jpg 0.1609375 0.065625 0.2265625 0.15 
img_00013.jpg 0.1609375 0.065625 0.2265625 0.15 
img_00014.jpg 0.1609375 0.065625 0.2265625 0.15 
img_00015.jpg 0.1609375 0.065625 0.2265625 0.15 
img_00016.jpg 0.159375 0.065625 0.2265625 0.1484375 
img_00017.jpg 0.159375 0.065625 0.2265625 0.15 
img_00018.jpg 0.159375 0.065625 0.225 0.15 
img_00019.jpg 0.1578125 0.0671875 0.2234375 0.15 
img_00020.jpg 0.1578125 0.0671875 0.2234375 0.15 
img_00021.jpg 0.1578125 0.065625 0.2234375 0.1515625 
img_00022.jpg 0.1578125 0.065625 0.2234375 0.1515625 
img_00023.jpg 0.1578125 0.0671875 0.2234375 0.15 
img_00024.jpg 0.1578125 0.0671875 0.2234375 0.1515625 
img_00025.jpg 0.159375 0.0671875 0.2234375 0.1515625 
img_00026.jpg 0.159375 0.065625 0.225 0.1515625 
img_00027.jpg 0.159375 0.065625 0.225 0.1515625 
img_00028.jpg 0.1609375 0.0671875 0.225 0.15 
img_00029.jpg 0.1609375 0.065625 0.225 0.15 
img_00030.jpg 0.1609375 0.065625 0.2265625 0.15 
img_00031.jpg 0.1609375 0.065625 0.225 0.15 
img_00032.jpg 0.1609375 0.065625 0.2265625 0.15 
img_00033.jpg 0.1609375 0.0671875 0.225 0.15 
img_00034.jpg 0.159375 0.0671875 0.225 0.15 
img_00035.jpg 0.159375 0.0671875 0.225 0.15 
img_00036.jpg 0.159375 0.0671875 0.225 0.1515625 
img_00037.jpg 0.159375 0.0671875 0.225 0.15 
img_00038.jpg 0.159375 0.065625 0.225 0.1515625 
img_00039.jpg 0.159375 0.065625 0.225 0.15 
img_00040.jpg 0.159375 0.0671875 0.225 0.15 
img_00041.jpg 0.159375 0.0671875 0.2234375 0.1484375 
img_00042.jpg 0.159375 0.065625 0.2234375 0.1484375 
img_00043.jpg 0.159375 0.065625 0.225 0.15 
img_00044.jpg 0.159375 0.065625 0.225 0.1484375 
img_00045.jpg 0.159375 0.065625 0.225 0.1484375 
img_00046.jpg 0.159375 0.0625 0.225 0.1484375 
img_00047.jpg 0.159375 0.0625 0.2234375 0.1484375 
img_00048.jpg 0.1609375 0.0625 0.2234375 0.146875 
img_00049.jpg 0.1609375 0.0609375 0.225 0.146875 
img_00050.jpg 0.1609375 0.0609375 0.225 0.146875 
img_00051.jpg 0.1609375 0.059375 0.2265625 0.1453125 
img_00052.jpg 0.1609375 0.059375 0.2265625 0.1453125 
img_00053.jpg 0.1609375 0.059375 0.2265625 0.14375 
img_00054.jpg 0.1609375 0.059375 0.2265625 0.14375 
img_00055.jpg 0.1609375 0.059375 0.2265625 0.1453125 
img_00056.jpg 0.1609375 0.059375 0.2265625 0.14375 
img_00057.jpg 0.1609375 0.059375 0.2265625 0.1453125 
img_00058.jpg 0.1609375 0.059375 0.2265625 0.1453125 
img_00059.jpg 0.1609375 0.059375 0.2265625 0.1453125 
img_00060.jpg 0.1609375 0.059375 0.2265625 0.1453125 
img_00061.jpg 0.1609375 0.059375 0.2265625 0.14375 
img_00062.jpg 0.1609375 0.059375 0.2265625 0.1421875 
img_00063.jpg 0.1609375 0.059375 0.2265625 0.14375 
img_00064.jpg 0.1609375 0.059375 0.2265625 0.14375 
img_00065.jpg 0.1609375 0.059375 0.2265625 0.14375 
img_00066.jpg 0.1609375 0.059375 0.2265625 0.1453125 
img_00067.jpg 0.1609375 0.059375 0.2265625 0.1453125 
img_00068.jpg 0.1609375 0.059375 0.2265625 0.146875 
img_00001.jpg 0.1609375 0.065625 0.228125 0.1484375 
img_00002.jpg 0.1625 0.065625 0.228125 0.1484375 
img_00003.jpg 0.1625 0.065625 0.2265625 0.15 
img_00004.jpg 0.1625 0.065625 0.2265625 0.1484375 
img_00005.jpg 0.1609375 0.065625 0.2265625 0.15 
img_00006.jpg 0.1609375 0.065625 0.2265625 0.15 
img_00007.jpg 0.1609375 0.065625 0.2265625 0.15 
img_00008.jpg 0.1609375 0.065625 0.2265625 0.15 
img_00009.jpg 0.1609375 0.065625 0.2265625 0.15 
img_00010.jpg 0.1609375 0.065625 0.2265625 0.15 
img_00011.jpg 0.1609375 0.065625 0.2265625 0.15 
img_00012.jpg 0.1609375 0.065625 0.2265625 0.15 
img_00013.jpg 0.1609375 0.065625 0.2265625 0.15 
img_00014.jpg 0.1609375 0.065625 0.2265625 0.15 
img_00015.jpg 0.1609375 0.065625 0.2265625 0.15 
img_00016.jpg 0.159375 0.065625 0.2265625 0.1484375 
img_00017.jpg 0.159375 0.065625 0.2265625 0.15 
img_00018.jpg 0.159375 0.065625 0.225 0.15 
img_00019.jpg 0.1578125 0.0671875 0.2234375 0.15 
img_00020.jpg 0.1578125 0.0671875 0.2234375 0.15 
img_00021.jpg 0.1578125 0.065625 0.2234375 0.1515625 
img_00022.jpg 0.1578125 0.065625 0.2234375 0.1515625 
img_00023.jpg 0.1578125 0.0671875 0.2234375 0.15 
img_00024.jpg 0.1578125 0.0671875 0.2234375 0.1515625 
img_00025.jpg 0.159375 0.0671875 0.2234375 0.1515625 
img_00026.jpg 0.159375 0.065625 0.225 0.1515625 
img_00027.jpg 0.159375 0.065625 0.225 0.1515625 
img_00028.jpg 0.1609375 0.0671875 0.225 0.15 
img_00029.jpg 0.1609375 0.065625 0.225 0.15 
img_00030.jpg 0.1609375 0.065625 0.2265625 0.15 
img_00031.jpg 0.1609375 0.065625 0.225 0.15 
img_00032.jpg 0.1609375 0.065625 0.2265625 0.15 
img_00033.jpg 0.1609375 0.0671875 0.225 0.15 
img_00034.jpg 0.159375 0.0671875 0.225 0.15 
img_00035.jpg 0.159375 0.0671875 0.225 0.15 
img_00036.jpg 0.159375 0.0671875 0.225 0.1515625 
img_00037.jpg 0.159375 0.0671875 0.225 0.15 
img_00038.jpg 0.159375 0.065625 0.225 0.1515625 
img_00039.jpg 0.159375 0.065625 0.225 0.15 
img_00040.jpg 0.159375 0.0671875 0.225 0.15 
img_00041.jpg 0.159375 0.0671875 0.2234375 0.1484375 
img_00042.jpg 0.159375 0.065625 0.2234375 0.1484375 
img_00043.jpg 0.159375 0.065625 0.225 0.15 
img_00044.jpg 0.159375 0.065625 0.225 0.1484375 
img_00045.jpg 0.159375 0.065625 0.225 0.1484375 
img_00046.jpg 0.159375 0.0625 0.225 0.1484375 
img_00047.jpg 0.159375 0.0625 0.2234375 0.1484375 
img_00048.jpg 0.1609375 0.0625 0.2234375 0.146875 
img_00049.jpg 0.1609375 0.0609375 0.225 0.146875 
img_00050.jpg 0.1609375 0.0609375 0.225 0.146875 
img_00051.jpg 0.1609375 0.059375 0.2265625 0.1453125 
img_00052.jpg 0.1609375 0.059375 0.2265625 0.1453125 
img_00053.jpg 0.1609375 0.059375 0.2265625 0.14375 
img_00054.jpg 0.1609375 0.059375 0.2265625 0.14375 
img_00055.jpg 0.1609375 0.059375 0.2265625 0.1453125 
img_00056.jpg 0.1609375 0.059375 0.2265625 0.14375 
img_00057.jpg 0.1609375 0.059375 0.2265625 0.1453125 
img_00058.jpg 0.1609375 0.059375 0.2265625 0.1453125 
img_00059.jpg 0.1609375 0.059375 0.2265625 0.1453125 
img_00060.jpg 0.1609375 0.059375 0.2265625 0.1453125 
img_00061.jpg 0.1609375 0.059375 0.2265625 0.14375 
img_00062.jpg 0.1609375 0.059375 0.2265625 0.1421875 
img_00063.jpg 0.1609375 0.059375 0.2265625 0.14375 
img_00064.jpg 0.1609375 0.059375 0.2265625 0.14375 
img_00065.jpg 0.1609375 0.059375 0.2265625 0.14375 
img_00066.jpg 0.1609375 0.059375 0.2265625 0.1453125 
img_00067.jpg 0.1609375 0.059375 0.2265625 0.1453125 
img_00068.jpg 0.1609375 0.059375 0.2265625 0.146875 
img_00001.jpg 0.40234375 0.1640625 0.5703125 0.37109375 
img_00002.jpg 0.40625 0.1640625 0.5703125 0.37109375 
img_00003.jpg 0.40625 0.1640625 0.56640625 0.375 
img_00004.jpg 0.40625 0.1640625 0.56640625 0.37109375 
img_00005.jpg 0.40234375 0.1640625 0.56640625 0.375 
img_00006.jpg 0.40234375 0.1640625 0.56640625 0.375 
img_00007.jpg 0.40234375 0.1640625 0.56640625 0.375 
img_00008.jpg 0.40234375 0.1640625 0.56640625 0.375 
img_00009.jpg 0.40234375 0.1640625 0.56640625 0.375 
img_00010.jpg 0.40234375 0.1640625 0.56640625 0.375 
img_00011.jpg 0.40234375 0.1640625 0.56640625 0.375 
img_00012.jpg 0.40234375 0.1640625 0.56640625 0.375 
img_00013.jpg 0.40234375 0.1640625 0.56640625 0.375 
img_00014.jpg 0.40234375 0.1640625 0.56640625 0.375 
img_00015.jpg 0.40234375 0.1640625 0.56640625 0.375 
img_00016.jpg 0.3984375 0.1640625 0.56640625 0.37109375 
img_00017.jpg 0.3984375 0.1640625 0.56640625 0.375 
img_00018.jpg 0.3984375 0.1640625 0.5625 0.375 
img_00019.jpg 0.39453125 0.16796875 0.55859375 0.375 
img_00020.jpg 0.39453125 0.16796875 0.55859375 0.375 
img_00021.jpg 0.39453125 0.1640625 0.55859375 0.37890625 
img_00022.jpg 0.39453125 0.1640625 0.55859375 0.37890625 
img_00023.jpg 0.39453125 0.16796875 0.55859375 0.375 
img_00024.jpg 0.39453125 0.16796875 0.55859375 0.37890625 
img_00025.jpg 0.3984375 0.16796875 0.55859375 0.37890625 
img_00026.jpg 0.3984375 0.1640625 0.5625 0.37890625 
img_00027.jpg 0.3984375 0.1640625 0.5625 0.37890625 
img_00028.jpg 0.40234375 0.16796875 0.5625 0.375 
img_00029.jpg 0.40234375 0.1640625 0.5625 0.375 
img_00030.jpg 0.40234375 0.1640625 0.56640625 0.375 
img_00031.jpg 0.40234375 0.1640625 0.5625 0.375 
img_00032.jpg 0.40234375 0.1640625 0.56640625 0.375 
img_00033.jpg 0.40234375 0.16796875 0.5625 0.375 
img_00034.jpg 0.3984375 0.16796875 0.5625 0.375 
img_00035.jpg 0.3984375 0.16796875 0.5625 0.375 
img_00036.jpg 0.3984375 0.16796875 0.5625 0.37890625 
img_00037.jpg 0.3984375 0.16796875 0.5625 0.375 
img_00038.jpg 0.3984375 0.1640625 0.5625 0.37890625 
img_00039.jpg 0.3984375 0.1640625 0.5625 0.375 
img_00040.jpg 0.3984375 0.16796875 0.5625 0.375 
img_00041.jpg 0.3984375 0.16796875 0.55859375 0.37109375 
img_00042.jpg 0.3984375 0.1640625 0.55859375 0.37109375 
img_00043.jpg 0.3984375 0.1640625 0.5625 0.375 
img_00044.jpg 0.3984375 0.1640625 0.5625 0.37109375 
img_00045.jpg 0.3984375 0.1640625 0.5625 0.37109375 
img_00046.jpg 0.3984375 0.15625 0.5625 0.37109375 
img_00047.jpg 0.3984375 0.15625 0.55859375 0.37109375 
img_00048.jpg 0.40234375 0.15625 0.55859375 0.3671875 
img_00049.jpg 0.40234375 0.15234375 0.5625 0.3671875 
img_00050.jpg 0.40234375 0.15234375 0.5625 0.3671875 
img_00051.jpg 0.40234375 0.1484375 0.56640625 0.36328125 
img_00052.jpg 0.40234375 0.1484375 0.56640625 0.36328125 
img_00053.jpg 0.40234375 0.1484375 0.56640625 0.359375 
img_00054.jpg 0.40234375 0.1484375 0.56640625 0.359375 
img_00055.jpg 0.40234375 0.1484375 0.56640625 0.36328125 
img_00056.jpg 0.40234375 0.1484375 0.56640625 0.359375 
img_00057.jpg 0.40234375 0.1484375 0.56640625 0.36328125 
img_00058.jpg 0.40234375 0.1484375 0.56640625 0.36328125 
img_00059.jpg 0.40234375 0.1484375 0.56640625 0.36328125 
img_00060.jpg 0.40234375 0.1484375 0.56640625 0.36328125 
img_00061.jpg 0.40234375 0.1484375 0.56640625 0.359375 
img_00062.jpg 0.40234375 0.1484375 0.56640625 0.35546875 
img_00063.jpg 0.40234375 0.1484375 0.56640625 0.359375 
img_00064.jpg 0.40234375 0.1484375 0.56640625 0.359375 
img_00065.jpg 0.40234375 0.1484375 0.56640625 0.359375 
img_00066.jpg 0.40234375 0.1484375 0.56640625 0.36328125 
img_00067.jpg 0.40234375 0.1484375 0.56640625 0.36328125 
img_00068.jpg 0.40234375 0.1484375 0.56640625 0.3671875 
