img_00019.jpg 0.30859375 0.63671875 0.56640625 0.82421875 
img_00020.jpg 0.3125 0.63671875 0.56640625 0.82421875 
img_00021.jpg 0.3984375 0.55078125 0.55859375 0.6953125 
img_00021.jpg 0.37890625 0.55078125 0.55859375 0.70703125 
img_00022.jpg 0.3984375 0.55078125 0.55859375 0.6953125 
img_00022.jpg 0.40625 0.55078125 0.55859375 0.69140625 
img_00023.jpg 0.421875 0.4765625 0.546875 0.60546875 
img_00024.jpg 0.421875 0.4453125 0.54296875 0.58203125 
img_00025.jpg 0.40625 0.4453125 0.5390625 0.59375 
img_00026.jpg 0.41796875 0.4296875 0.53515625 0.57421875 
img_00027.jpg 0.41796875 0.4296875 0.53515625 0.57421875 
img_00028.jpg 0.4296875 0.4140625 0.53125 0.55078125 
img_00029.jpg 0.42578125 0.41015625 0.5390625 0.55859375 
img_00030.jpg 0.4296875 0.40625 0.5390625 0.5546875 
img_00031.jpg 0.4296875 0.41015625 0.52734375 0.5625 
img_00032.jpg 0.4296875 0.41015625 0.52734375 0.5546875 
img_00033.jpg 0.44140625 0.4140625 0.515625 0.50390625 
img_00033.jpg 0.40625 0.41796875 0.5234375 0.60546875 
img_00034.jpg 0.4453125 0.41015625 0.5234375 0.5 
img_00035.jpg 0.4453125 0.41015625 0.5234375 0.5 
img_00036.jpg 0.44921875 0.4140625 0.52734375 0.515625 
img_00037.jpg 0.453125 0.41015625 0.52734375 0.50390625 
img_00037.jpg 0.3984375 0.46875 0.5390625 0.6171875 
img_00038.jpg 0.44921875 0.41015625 0.52734375 0.515625 
img_00039.jpg 0.4453125 0.41015625 0.5234375 0.50390625 
img_00040.jpg 0.4453125 0.4140625 0.5234375 0.50390625 
img_00041.jpg 0.45703125 0.421875 0.5234375 0.50390625 
img_00042.jpg 0.45703125 0.421875 0.5234375 0.5078125 
img_00043.jpg 0.45703125 0.4296875 0.52734375 0.52734375 
img_00044.jpg 0.45703125 0.44921875 0.53515625 0.54296875 
img_00045.jpg 0.45703125 0.453125 0.53515625 0.54296875 
img_00046.jpg 0.45703125 0.50390625 0.55078125 0.61328125 
img_00047.jpg 0.453125 0.5078125 0.55078125 0.6171875 
img_00049.jpg 0.33984375 0.67578125 0.578125 0.875 
img_00049.jpg 0.34765625 0.67578125 0.57421875 0.87109375 
img_00050.jpg 0.33984375 0.67578125 0.578125 0.875 
img_00050.jpg 0.34765625 0.67578125 0.57421875 0.87109375 
