0.138 0.5 0.48 0.8652694610778443 
 
0.3914285714285714 0.7416481069042317 0.5371428571428571 0.8619153674832962 
0.4742857142857143 0.6770601336302895 0.5828571428571429 0.7861915367483296 
0.4530612244897959 0.773841961852861 0.7061224489795919 0.9182561307901907 
0.2938775510204082 0.7929155313351499 0.46938775510204084 0.9700272479564033 
0.48032786885245904 0.8180242634315424 0.6688524590163935 0.925476603119584 
0.3081967213114754 0.7885615251299827 0.4672131147540984 0.9376083188908145 
0.3735408560311284 0.7666666666666667 0.4571984435797665 0.8933333333333333 
0.5136186770428015 0.84 0.6011673151750972 0.9366666666666666 
0.4 0.46525096525096526 0.5202898550724637 0.5357142857142857 
 
0.262 0.8263473053892215 0.468 1.0 
0.498 0.844311377245509 0.656 0.9970059880239521 
0.7827521206409048 0.792226148409894 0.8628652214891611 0.9787985865724381 
0.16305372290292178 0.29752650176678447 0.294062205466541 0.4862190812720848 
 
 
 
 
 
 
 
 
0.3046875 0.7890625 0.41796875 0.87890625 
 
0.4453125 0.6796875 0.78125 0.8359375 
0.25 0.59765625 0.39453125 0.80078125 
0.453125 0.5703125 0.7265625 0.80859375 
0.23046875 0.54296875 0.33203125 0.7265625 
0.2109375 0.49609375 0.33203125 0.6796875 
0.2109375 0.49609375 0.3359375 0.6796875 
0.1875 0.4375 0.328125 0.6015625 
0.55859375 0.4140625 0.80859375 0.6171875 
 
 
 
 
 
 
 
 
 
 
0.26171875 0.6484375 0.37890625 0.7578125 
 
0.26953125 0.52734375 0.3984375 0.65234375 
 
0.28125 0.43359375 0.41015625 0.57421875 
 
0.296875 0.37109375 0.41796875 0.51171875 
 
0.31640625 0.265625 0.43359375 0.43359375 
 
0.32421875 0.25390625 0.4375 0.40625 
 
0.359375 0.37109375 0.484375 0.55859375 
0.44921875 0.359375 0.578125 0.515625 
0.3671875 0.375 0.48828125 0.55859375 
0.44921875 0.36328125 0.5703125 0.515625 
0.37109375 0.37109375 0.5 0.546875 
0.4296875 0.36328125 0.5703125 0.51953125 
0.3671875 0.3671875 0.5078125 0.55078125 
0.3984375 0.36328125 0.5703125 0.5234375 
0.3671875 0.37109375 0.49609375 0.5546875 
0.44140625 0.36328125 0.56640625 0.515625 
0.3671875 0.375 0.49609375 0.55078125 
0.44140625 0.37109375 0.56640625 0.52734375 
0.3671875 0.375 0.5 0.5546875 
0.40625 0.3671875 0.5703125 0.53125 
0.3671875 0.375 0.4921875 0.55078125 
0.4375 0.3671875 0.57421875 0.5390625 
0.3671875 0.37890625 0.5 0.5546875 
0.4375 0.37109375 0.578125 0.54296875 
0.3671875 0.3828125 0.4921875 0.5546875 
0.4375 0.375 0.56640625 0.5390625 
0.4375 0.37890625 0.5625 0.54296875 
0.359375 0.38671875 0.49609375 0.55859375 
0.4375 0.3828125 0.55859375 0.546875 
0.359375 0.39453125 0.484375 0.5625 
0.4375 0.3828125 0.55859375 0.5546875 
0.35546875 0.39453125 0.48828125 0.56640625 
0.34375 0.4140625 0.46484375 0.5859375 
0.453125 0.3984375 0.5546875 0.5625 
0.33203125 0.42578125 0.45703125 0.60546875 
0.46484375 0.40234375 0.58203125 0.59765625 
0.3203125 0.44921875 0.4453125 0.62890625 
 
0.30859375 0.47265625 0.44921875 0.703125 
0.47265625 0.484375 0.59375 0.6640625 
0.30859375 0.56640625 0.48046875 0.76171875 
0.30859375 0.56640625 0.4765625 0.765625 
0.30859375 0.56640625 0.48046875 0.76171875 
0.30859375 0.56640625 0.4765625 0.76171875 
0.3125 0.62109375 0.4765625 0.8125 
 
 
 
 
 
0.609375 0.6796875 0.79296875 0.83203125 
0.51953125 0.5625 0.69140625 0.69140625 
0.60546875 0.67578125 0.79296875 0.81640625 
0.5390625 0.5546875 0.69140625 0.69140625 
0.6015625 0.671875 0.79296875 0.81640625 
0.54296875 0.5546875 0.6875 0.6875 
0.6015625 0.66796875 0.7890625 0.80859375 
0.5546875 0.55078125 0.6875 0.67578125 
0.6015625 0.6640625 0.79296875 0.8046875 
0.55078125 0.55078125 0.6875 0.6796875 
0.6015625 0.6640625 0.796875 0.80078125 
0.546875 0.546875 0.6875 0.67578125 
images/0.jpg 0.138 0.5 0.48 0.8652694610778443 
images/1.jpg 0.3914285714285714 0.7416481069042317 0.5371428571428571 0.8619153674832962 
images/1.jpg 0.4742857142857143 0.6770601336302895 0.5828571428571429 0.7861915367483296 
images/3.jpg 0.4530612244897959 0.773841961852861 0.7061224489795919 0.9182561307901907 
images/3.jpg 0.2938775510204082 0.7929155313351499 0.46938775510204084 0.9700272479564033 
images/4.jpg 0.48032786885245904 0.8180242634315424 0.6688524590163935 0.925476603119584 
images/4.jpg 0.3081967213114754 0.7885615251299827 0.4672131147540984 0.9376083188908145 
images/6.jpg 0.3735408560311284 0.7666666666666667 0.4571984435797665 0.8933333333333333 
images/6.jpg 0.5136186770428015 0.84 0.6011673151750972 0.9366666666666666 
images/7.jpg 0.4 0.46525096525096526 0.5202898550724637 0.5357142857142857 
images/8.jpg 0.262 0.8263473053892215 0.468 1.0 
images/8.jpg 0.498 0.844311377245509 0.656 0.9970059880239521 
images/family-parents-grandparents-Morsa-Images-Taxi-56a906ad3df78cf772a2ef29.jpg 0.7827521206409048 0.792226148409894 0.8628652214891611 0.9787985865724381 
images/family-parents-grandparents-Morsa-Images-Taxi-56a906ad3df78cf772a2ef29.jpg 0.16305372290292178 0.29752650176678447 0.294062205466541 0.4862190812720848 
images/img_00005.jpg 0.3046875 0.7890625 0.41796875 0.87890625 
images/img_00006.jpg 0.4453125 0.6796875 0.78125 0.8359375 
images/img_00006.jpg 0.25 0.59765625 0.39453125 0.80078125 
images/img_00007.jpg 0.453125 0.5703125 0.7265625 0.80859375 
images/img_00007.jpg 0.23046875 0.54296875 0.33203125 0.7265625 
images/img_00008.jpg 0.2109375 0.49609375 0.33203125 0.6796875 
images/img_00008.jpg 0.2109375 0.49609375 0.3359375 0.6796875 
images/img_00009.jpg 0.1875 0.4375 0.328125 0.6015625 
images/img_00009.jpg 0.55859375 0.4140625 0.80859375 0.6171875 
images/img_00015.jpg 0.26171875 0.6484375 0.37890625 0.7578125 
images/img_00016.jpg 0.26953125 0.52734375 0.3984375 0.65234375 
images/img_00017.jpg 0.28125 0.43359375 0.41015625 0.57421875 
images/img_00018.jpg 0.296875 0.37109375 0.41796875 0.51171875 
images/img_00019.jpg 0.31640625 0.265625 0.43359375 0.43359375 
images/img_00020.jpg 0.32421875 0.25390625 0.4375 0.40625 
images/img_00021.jpg 0.359375 0.37109375 0.484375 0.55859375 
images/img_00021.jpg 0.44921875 0.359375 0.578125 0.515625 
images/img_00022.jpg 0.3671875 0.375 0.48828125 0.55859375 
images/img_00022.jpg 0.44921875 0.36328125 0.5703125 0.515625 
images/img_00023.jpg 0.37109375 0.37109375 0.5 0.546875 
images/img_00023.jpg 0.4296875 0.36328125 0.5703125 0.51953125 
images/img_00024.jpg 0.3671875 0.3671875 0.5078125 0.55078125 
images/img_00024.jpg 0.3984375 0.36328125 0.5703125 0.5234375 
images/img_00025.jpg 0.3671875 0.37109375 0.49609375 0.5546875 
images/img_00025.jpg 0.44140625 0.36328125 0.56640625 0.515625 
images/img_00026.jpg 0.3671875 0.375 0.49609375 0.55078125 
images/img_00026.jpg 0.44140625 0.37109375 0.56640625 0.52734375 
images/img_00027.jpg 0.3671875 0.375 0.5 0.5546875 
images/img_00027.jpg 0.40625 0.3671875 0.5703125 0.53125 
images/img_00028.jpg 0.3671875 0.375 0.4921875 0.55078125 
images/img_00028.jpg 0.4375 0.3671875 0.57421875 0.5390625 
images/img_00029.jpg 0.3671875 0.37890625 0.5 0.5546875 
images/img_00029.jpg 0.4375 0.37109375 0.578125 0.54296875 
images/img_00030.jpg 0.3671875 0.3828125 0.4921875 0.5546875 
images/img_00030.jpg 0.4375 0.375 0.56640625 0.5390625 
images/img_00031.jpg 0.4375 0.37890625 0.5625 0.54296875 
images/img_00031.jpg 0.359375 0.38671875 0.49609375 0.55859375 
images/img_00032.jpg 0.4375 0.3828125 0.55859375 0.546875 
images/img_00032.jpg 0.359375 0.39453125 0.484375 0.5625 
images/img_00033.jpg 0.4375 0.3828125 0.55859375 0.5546875 
images/img_00033.jpg 0.35546875 0.39453125 0.48828125 0.56640625 
images/img_00034.jpg 0.34375 0.4140625 0.46484375 0.5859375 
images/img_00034.jpg 0.453125 0.3984375 0.5546875 0.5625 
images/img_00035.jpg 0.33203125 0.42578125 0.45703125 0.60546875 
images/img_00035.jpg 0.46484375 0.40234375 0.58203125 0.59765625 
images/img_00036.jpg 0.3203125 0.44921875 0.4453125 0.62890625 
images/img_00037.jpg 0.30859375 0.47265625 0.44921875 0.703125 
images/img_00037.jpg 0.47265625 0.484375 0.59375 0.6640625 
images/img_00038.jpg 0.30859375 0.56640625 0.48046875 0.76171875 
images/img_00038.jpg 0.30859375 0.56640625 0.4765625 0.765625 
images/img_00039.jpg 0.30859375 0.56640625 0.48046875 0.76171875 
images/img_00039.jpg 0.30859375 0.56640625 0.4765625 0.76171875 
images/img_00040.jpg 0.3125 0.62109375 0.4765625 0.8125 
images/img_00043.jpg 0.609375 0.6796875 0.79296875 0.83203125 
images/img_00043.jpg 0.51953125 0.5625 0.69140625 0.69140625 
images/img_00044.jpg 0.60546875 0.67578125 0.79296875 0.81640625 
images/img_00044.jpg 0.5390625 0.5546875 0.69140625 0.69140625 
images/img_00045.jpg 0.6015625 0.671875 0.79296875 0.81640625 
images/img_00045.jpg 0.54296875 0.5546875 0.6875 0.6875 
images/img_00046.jpg 0.6015625 0.66796875 0.7890625 0.80859375 
images/img_00046.jpg 0.5546875 0.55078125 0.6875 0.67578125 
images/img_00047.jpg 0.6015625 0.6640625 0.79296875 0.8046875 
images/img_00047.jpg 0.55078125 0.55078125 0.6875 0.6796875 
images/img_00048.jpg 0.6015625 0.6640625 0.796875 0.80078125 
images/img_00048.jpg 0.546875 0.546875 0.6875 0.67578125 
0.jpg 0.138 0.5 0.48 0.8652694610778443 
1.jpg 0.3914285714285714 0.7416481069042317 0.5371428571428571 0.8619153674832962 
1.jpg 0.4742857142857143 0.6770601336302895 0.5828571428571429 0.7861915367483296 
3.jpg 0.4530612244897959 0.773841961852861 0.7061224489795919 0.9182561307901907 
3.jpg 0.2938775510204082 0.7929155313351499 0.46938775510204084 0.9700272479564033 
4.jpg 0.48032786885245904 0.8180242634315424 0.6688524590163935 0.925476603119584 
4.jpg 0.3081967213114754 0.7885615251299827 0.4672131147540984 0.9376083188908145 
6.jpg 0.3735408560311284 0.7666666666666667 0.4571984435797665 0.8933333333333333 
6.jpg 0.5136186770428015 0.84 0.6011673151750972 0.9366666666666666 
7.jpg 0.4 0.46525096525096526 0.5202898550724637 0.5357142857142857 
8.jpg 0.262 0.8263473053892215 0.468 1.0 
8.jpg 0.498 0.844311377245509 0.656 0.9970059880239521 
family-parents-grandparents-Morsa-Images-Taxi-56a906ad3df78cf772a2ef29.jpg 0.7827521206409048 0.792226148409894 0.8628652214891611 0.9787985865724381 
family-parents-grandparents-Morsa-Images-Taxi-56a906ad3df78cf772a2ef29.jpg 0.16305372290292178 0.29752650176678447 0.294062205466541 0.4862190812720848 
img_00005.jpg 0.3046875 0.7890625 0.41796875 0.87890625 
img_00006.jpg 0.4453125 0.6796875 0.78125 0.8359375 
img_00006.jpg 0.25 0.59765625 0.39453125 0.80078125 
img_00007.jpg 0.453125 0.5703125 0.7265625 0.80859375 
img_00007.jpg 0.23046875 0.54296875 0.33203125 0.7265625 
img_00008.jpg 0.2109375 0.49609375 0.33203125 0.6796875 
img_00008.jpg 0.2109375 0.49609375 0.3359375 0.6796875 
img_00009.jpg 0.1875 0.4375 0.328125 0.6015625 
img_00009.jpg 0.55859375 0.4140625 0.80859375 0.6171875 
img_00015.jpg 0.26171875 0.6484375 0.37890625 0.7578125 
img_00016.jpg 0.26953125 0.52734375 0.3984375 0.65234375 
img_00017.jpg 0.28125 0.43359375 0.41015625 0.57421875 
img_00018.jpg 0.296875 0.37109375 0.41796875 0.51171875 
img_00019.jpg 0.31640625 0.265625 0.43359375 0.43359375 
img_00020.jpg 0.32421875 0.25390625 0.4375 0.40625 
img_00021.jpg 0.359375 0.37109375 0.484375 0.55859375 
img_00021.jpg 0.44921875 0.359375 0.578125 0.515625 
img_00022.jpg 0.3671875 0.375 0.48828125 0.55859375 
img_00022.jpg 0.44921875 0.36328125 0.5703125 0.515625 
img_00023.jpg 0.37109375 0.37109375 0.5 0.546875 
img_00023.jpg 0.4296875 0.36328125 0.5703125 0.51953125 
img_00024.jpg 0.3671875 0.3671875 0.5078125 0.55078125 
img_00024.jpg 0.3984375 0.36328125 0.5703125 0.5234375 
img_00025.jpg 0.3671875 0.37109375 0.49609375 0.5546875 
img_00025.jpg 0.44140625 0.36328125 0.56640625 0.515625 
img_00026.jpg 0.3671875 0.375 0.49609375 0.55078125 
img_00026.jpg 0.44140625 0.37109375 0.56640625 0.52734375 
img_00027.jpg 0.3671875 0.375 0.5 0.5546875 
img_00027.jpg 0.40625 0.3671875 0.5703125 0.53125 
img_00028.jpg 0.3671875 0.375 0.4921875 0.55078125 
img_00028.jpg 0.4375 0.3671875 0.57421875 0.5390625 
img_00029.jpg 0.3671875 0.37890625 0.5 0.5546875 
img_00029.jpg 0.4375 0.37109375 0.578125 0.54296875 
img_00030.jpg 0.3671875 0.3828125 0.4921875 0.5546875 
img_00030.jpg 0.4375 0.375 0.56640625 0.5390625 
img_00031.jpg 0.4375 0.37890625 0.5625 0.54296875 
img_00031.jpg 0.359375 0.38671875 0.49609375 0.55859375 
img_00032.jpg 0.4375 0.3828125 0.55859375 0.546875 
img_00032.jpg 0.359375 0.39453125 0.484375 0.5625 
img_00033.jpg 0.4375 0.3828125 0.55859375 0.5546875 
img_00033.jpg 0.35546875 0.39453125 0.48828125 0.56640625 
img_00034.jpg 0.34375 0.4140625 0.46484375 0.5859375 
img_00034.jpg 0.453125 0.3984375 0.5546875 0.5625 
img_00035.jpg 0.33203125 0.42578125 0.45703125 0.60546875 
img_00035.jpg 0.46484375 0.40234375 0.58203125 0.59765625 
img_00036.jpg 0.3203125 0.44921875 0.4453125 0.62890625 
img_00037.jpg 0.30859375 0.47265625 0.44921875 0.703125 
img_00037.jpg 0.47265625 0.484375 0.59375 0.6640625 
img_00038.jpg 0.30859375 0.56640625 0.48046875 0.76171875 
img_00038.jpg 0.30859375 0.56640625 0.4765625 0.765625 
img_00039.jpg 0.30859375 0.56640625 0.48046875 0.76171875 
img_00039.jpg 0.30859375 0.56640625 0.4765625 0.76171875 
img_00040.jpg 0.3125 0.62109375 0.4765625 0.8125 
img_00043.jpg 0.609375 0.6796875 0.79296875 0.83203125 
img_00043.jpg 0.51953125 0.5625 0.69140625 0.69140625 
img_00044.jpg 0.60546875 0.67578125 0.79296875 0.81640625 
img_00044.jpg 0.5390625 0.5546875 0.69140625 0.69140625 
img_00045.jpg 0.6015625 0.671875 0.79296875 0.81640625 
img_00045.jpg 0.54296875 0.5546875 0.6875 0.6875 
img_00046.jpg 0.6015625 0.66796875 0.7890625 0.80859375 
img_00046.jpg 0.5546875 0.55078125 0.6875 0.67578125 
img_00047.jpg 0.6015625 0.6640625 0.79296875 0.8046875 
img_00047.jpg 0.55078125 0.55078125 0.6875 0.6796875 
img_00048.jpg 0.6015625 0.6640625 0.796875 0.80078125 
img_00048.jpg 0.546875 0.546875 0.6875 0.67578125 
